0111111111111111111111111111111111111111111101111111111111111111111111111111111111111111
0010010100111011111000101110000010001101011000100101001110111110001011100000100011010110
0001001010011101111100010111000001000110101100010010100111011111000101110000010001101011
0100100101001110111110001011100000100011010101001001010011101111100010111000001000110101
0110010010100111011111000101110000010001101001100100101001110111110001011100000100011010
0011001001010011101111100010111000001000110100110010010100111011111000101110000010001101
0101100100101001110111110001011100000100011001011001001010011101111100010111000001000110
0010110010010100111011111000101110000010001100101100100101001110111110001011100000100011
0101011001001010011101111100010111000001000101010110010010100111011111000101110000010001
0110101100100101001110111110001011100000100001101011001001010011101111100010111000001000
0011010110010010100111011111000101110000010000110101100100101001110111110001011100000100
0001101011001001010011101111100010111000001000011010110010010100111011111000101110000010
0000110101100100101001110111110001011100000100001101011001001010011101111100010111000001
0100011010110010010100111011111000101110000001000110101100100101001110111110001011100000
0010001101011001001010011101111100010111000000100011010110010010100111011111000101110000
0001000110101100100101001110111110001011100000010001101011001001010011101111100010111000
0000100011010110010010100111011111000101110000001000110101100100101001110111110001011100
0000010001101011001001010011101111100010111000000100011010110010010100111011111000101110
0000001000110101100100101001110111110001011100000010001101011001001010011101111100010111
0100000100011010110010010100111011111000101101000001000110101100100101001110111110001011
0110000010001101011001001010011101111100010101100000100011010110010010100111011111000101
0111000001000110101100100101001110111110001001110000010001101011001001010011101111100010
0011100000100011010110010010100111011111000100111000001000110101100100101001110111110001
0101110000010001101011001001010011101111100001011100000100011010110010010100111011111000
0010111000001000110101100100101001110111110000101110000010001101011001001010011101111100
0001011100000100011010110010010100111011111000010111000001000110101100100101001110111110
0000101110000010001101011001001010011101111100001011100000100011010110010010100111011111
0100010111000001000110101100100101001110111101000101110000010001101011001001010011101111
0110001011100000100011010110010010100111011101100010111000001000110101100100101001110111
0111000101110000010001101011001001010011101101110001011100000100011010110010010100111011
0111100010111000001000110101100100101001110101111000101110000010001101011001001010011101
0111110001011100000100011010110010010100111001111100010111000001000110101100100101001110
0011111000101110000010001101011001001010011100111110001011100000100011010110010010100111
0101111100010111000001000110101100100101001101011111000101110000010001101011001001010011
0110111110001011100000100011010110010010100101101111100010111000001000110101100100101001
0111011111000101110000010001101011001001010001110111110001011100000100011010110010010100
0011101111100010111000001000110101100100101000111011111000101110000010001101011001001010
0001110111110001011100000100011010110010010100011101111100010111000001000110101100100101
0100111011111000101110000010001101011001001001001110111110001011100000100011010110010010
0010011101111100010111000001000110101100100100100111011111000101110000010001101011001001
0101001110111110001011100000100011010110010001010011101111100010111000001000110101100100
0010100111011111000101110000010001101011001000101001110111110001011100000100011010110010
0001010011101111100010111000001000110101100100010100111011111000101110000010001101011001
0100101001110111110001011100000100011010110001001010011101111100010111000001000110101100
0111111111111111111111111111111111111111111110000000000000000000000000000000000000000000
0010010100111011111000101110000010001101011011011010110001000001110100011111011100101001
0001001010011101111100010111000001000110101111101101011000100000111010001111101110010100
0100100101001110111110001011100000100011010110110110101100010000011101000111110111001010
0110010010100111011111000101110000010001101010011011010110001000001110100011111011100101
0011001001010011101111100010111000001000110111001101101011000100000111010001111101110010
0101100100101001110111110001011100000100011010100110110101100010000011101000111110111001
0010110010010100111011111000101110000010001111010011011010110001000001110100011111011100
0101011001001010011101111100010111000001000110101001101101011000100000111010001111101110
0110101100100101001110111110001011100000100010010100110110101100010000011101000111110111
0011010110010010100111011111000101110000010011001010011011010110001000001110100011111011
0001101011001001010011101111100010111000001011100101001101101011000100000111010001111101
0000110101100100101001110111110001011100000111110010100110110101100010000011101000111110
0100011010110010010100111011111000101110000010111001010011011010110001000001110100011111
0010001101011001001010011101111100010111000011011100101001101101011000100000111010001111
0001000110101100100101001110111110001011100011101110010100110110101100010000011101000111
0000100011010110010010100111011111000101110011110111001010011011010110001000001110100011
0000010001101011001001010011101111100010111011111011100101001101101011000100000111010001
0000001000110101100100101001110111110001011111111101110010100110110101100010000011101000
0100000100011010110010010100111011111000101110111110111001010011011010110001000001110100
0110000010001101011001001010011101111100010110011111011100101001101101011000100000111010
0111000001000110101100100101001110111110001010001111101110010100110110101100010000011101
0011100000100011010110010010100111011111000111000111110111001010011011010110001000001110
0101110000010001101011001001010011101111100010100011111011100101001101101011000100000111
0010111000001000110101100100101001110111110011010001111101110010100110110101100010000011
0001011100000100011010110010010100111011111011101000111110111001010011011010110001000001
0000101110000010001101011001001010011101111111110100011111011100101001101101011000100000
0100010111000001000110101100100101001110111110111010001111101110010100110110101100010000
0110001011100000100011010110010010100111011110011101000111110111001010011011010110001000
0111000101110000010001101011001001010011101110001110100011111011100101001101101011000100
0111100010111000001000110101100100101001110110000111010001111101110010100110110101100010
0111110001011100000100011010110010010100111010000011101000111110111001010011011010110001
0011111000101110000010001101011001001010011111000001110100011111011100101001101101011000
0101111100010111000001000110101100100101001110100000111010001111101110010100110110101100
0110111110001011100000100011010110010010100110010000011101000111110111001010011011010110
0111011111000101110000010001101011001001010010001000001110100011111011100101001101101011
0011101111100010111000001000110101100100101011000100000111010001111101110010100110110101
0001110111110001011100000100011010110010010111100010000011101000111110111001010011011010
0100111011111000101110000010001101011001001010110001000001110100011111011100101001101101
0010011101111100010111000001000110101100100111011000100000111010001111101110010100110110
0101001110111110001011100000100011010110010010101100010000011101000111110111001010011011
0010100111011111000101110000010001101011001011010110001000001110100011111011100101001101
0001010011101111100010111000001000110101100111101011000100000111010001111101110010100110
0100101001110111110001011100000100011010110010110101100010000011101000111110111001010011
1000000000000000000000000000000000000000000010000000000000000000000000000000000000000000
1101101011000100000111010001111101110010100111011010110001000001110100011111011100101001
1110110101100010000011101000111110111001010011101101011000100000111010001111101110010100
1011011010110001000001110100011111011100101010110110101100010000011101000111110111001010
1001101101011000100000111010001111101110010110011011010110001000001110100011111011100101
1100110110101100010000011101000111110111001011001101101011000100000111010001111101110010
1010011011010110001000001110100011111011100110100110110101100010000011101000111110111001
1101001101101011000100000111010001111101110011010011011010110001000001110100011111011100
1010100110110101100010000011101000111110111010101001101101011000100000111010001111101110
1001010011011010110001000001110100011111011110010100110110101100010000011101000111110111
1100101001101101011000100000111010001111101111001010011011010110001000001110100011111011
1110010100110110101100010000011101000111110111100101001101101011000100000111010001111101
1111001010011011010110001000001110100011111011110010100110110101100010000011101000111110
1011100101001101101011000100000111010001111110111001010011011010110001000001110100011111
1101110010100110110101100010000011101000111111011100101001101101011000100000111010001111
1110111001010011011010110001000001110100011111101110010100110110101100010000011101000111
1111011100101001101101011000100000111010001111110111001010011011010110001000001110100011
1111101110010100110110101100010000011101000111111011100101001101101011000100000111010001
1111110111001010011011010110001000001110100011111101110010100110110101100010000011101000
1011111011100101001101101011000100000111010010111110111001010011011010110001000001110100
1001111101110010100110110101100010000011101010011111011100101001101101011000100000111010
1000111110111001010011011010110001000001110110001111101110010100110110101100010000011101
1100011111011100101001101101011000100000111011000111110111001010011011010110001000001110
1010001111101110010100110110101100010000011110100011111011100101001101101011000100000111
1101000111110111001010011011010110001000001111010001111101110010100110110101100010000011
1110100011111011100101001101101011000100000111101000111110111001010011011010110001000001
1111010001111101110010100110110101100010000011110100011111011100101001101101011000100000
1011101000111110111001010011011010110001000010111010001111101110010100110110101100010000
1001110100011111011100101001101101011000100010011101000111110111001010011011010110001000
1000111010001111101110010100110110101100010010001110100011111011100101001101101011000100
1000011101000111110111001010011011010110001010000111010001111101110010100110110101100010
1000001110100011111011100101001101101011000110000011101000111110111001010011011010110001
1100000111010001111101110010100110110101100011000001110100011111011100101001101101011000
1010000011101000111110111001010011011010110010100000111010001111101110010100110110101100
1001000001110100011111011100101001101101011010010000011101000111110111001010011011010110
1000100000111010001111101110010100110110101110001000001110100011111011100101001101101011
1100010000011101000111110111001010011011010111000100000111010001111101110010100110110101
1110001000001110100011111011100101001101101011100010000011101000111110111001010011011010
1011000100000111010001111101110010100110110110110001000001110100011111011100101001101101
1101100010000011101000111110111001010011011011011000100000111010001111101110010100110110
1010110001000001110100011111011100101001101110101100010000011101000111110111001010011011
1101011000100000111010001111101110010100110111010110001000001110100011111011100101001101
1110101100010000011101000111110111001010011011101011000100000111010001111101110010100110
1011010110001000001110100011111011100101001110110101100010000011101000111110111001010011
1000000000000000000000000000000000000000000001111111111111111111111111111111111111111111
1101101011000100000111010001111101110010100100100101001110111110001011100000100011010110
1110110101100010000011101000111110111001010000010010100111011111000101110000010001101011
1011011010110001000001110100011111011100101001001001010011101111100010111000001000110101
1001101101011000100000111010001111101110010101100100101001110111110001011100000100011010
1100110110101100010000011101000111110111001000110010010100111011111000101110000010001101
1010011011010110001000001110100011111011100101011001001010011101111100010111000001000110
1101001101101011000100000111010001111101110000101100100101001110111110001011100000100011
1010100110110101100010000011101000111110111001010110010010100111011111000101110000010001
1001010011011010110001000001110100011111011101101011001001010011101111100010111000001000
1100101001101101011000100000111010001111101100110101100100101001110111110001011100000100
1110010100110110101100010000011101000111110100011010110010010100111011111000101110000010
1111001010011011010110001000001110100011111000001101011001001010011101111100010111000001
1011100101001101101011000100000111010001111101000110101100100101001110111110001011100000
1101110010100110110101100010000011101000111100100011010110010010100111011111000101110000
1110111001010011011010110001000001110100011100010001101011001001010011101111100010111000
1111011100101001101101011000100000111010001100001000110101100100101001110111110001011100
1111101110010100110110101100010000011101000100000100011010110010010100111011111000101110
1111110111001010011011010110001000001110100000000010001101011001001010011101111100010111
1011111011100101001101101011000100000111010001000001000110101100100101001110111110001011
1001111101110010100110110101100010000011101001100000100011010110010010100111011111000101
1000111110111001010011011010110001000001110101110000010001101011001001010011101111100010
1100011111011100101001101101011000100000111000111000001000110101100100101001110111110001
1010001111101110010100110110101100010000011101011100000100011010110010010100111011111000
1101000111110111001010011011010110001000001100101110000010001101011001001010011101111100
1110100011111011100101001101101011000100000100010111000001000110101100100101001110111110
1111010001111101110010100110110101100010000000001011100000100011010110010010100111011111
1011101000111110111001010011011010110001000001000101110000010001101011001001010011101111
1001110100011111011100101001101101011000100001100010111000001000110101100100101001110111
1000111010001111101110010100110110101100010001110001011100000100011010110010010100111011
1000011101000111110111001010011011010110001001111000101110000010001101011001001010011101
1000001110100011111011100101001101101011000101111100010111000001000110101100100101001110
1100000111010001111101110010100110110101100000111110001011100000100011010110010010100111
1010000011101000111110111001010011011010110001011111000101110000010001101011001001010011
1001000001110100011111011100101001101101011001101111100010111000001000110101100100101001
1000100000111010001111101110010100110110101101110111110001011100000100011010110010010100
1100010000011101000111110111001010011011010100111011111000101110000010001101011001001010
1110001000001110100011111011100101001101101000011101111100010111000001000110101100100101
1011000100000111010001111101110010100110110101001110111110001011100000100011010110010010
1101100010000011101000111110111001010011011000100111011111000101110000010001101011001001
1010110001000001110100011111011100101001101101010011101111100010111000001000110101100100
1101011000100000111010001111101110010100110100101001110111110001011100000100011010110010
1110101100010000011101000111110111001010011000010100111011111000101110000010001101011001
1011010110001000001110100011111011100101001101001010011101111100010111000001000110101100
