0100111100100100110010001010010100011111111001001111001001001100100010100101000111111110
1010011110000010011001000101001010001111111110100111100000100110010001010010100011111111
0101001111010001001100100010100101000111111101010011110100010011001000101001010001111111
0010100111101000100110010001010011100011111100101001111010001001100100010100111000111111
1001010011100100010011101000101001110001111110010100111001000100111010001010011100011111
1100101001110010001001010100010101111000111111001010011100100010010101000101011110001111
1110010100111001000100001010001011111100011111100101001110010001000010100010111111000111
1111001010001100100010100101000101111110001111110010100011001000101001010001011111100011
0111100101000110010001010010100011111111000101111001010001100100010100101000111111110001
0011110010110011001000101001010001111111100000111100101100110010001010010100011111111000
1001111001001001100100010100101000111111110010011110010010011001000101001010001111111100
1101100110101001111001110000000010010100101011011001101010011110011100000000100101001010
1110110011010100111100111000000000001010010111101100110101001111001110000000000010100101
0111011001101010011110011100000001000101001001110110011010100111100111000000010001010010
1011101100100101001111001110000000100010100110111011001001010011110011100000001000101001
1101110110010010100111000111000001010001010011011101100100101001110001110000010100010100
0110111011011001010011000011100000101000101001101110110110010100110000111000001010001010
0011011101111100101001000001110000010100010100110111011111001010010000011100000101000101
1001101110111110010100000000111001001010001010011011101111100101000000001110010010100010
1100110111001111001010000000011100100101000111001101110011110010100000000111001001010001
0110011011100111100101000000001111010010100001100110111001111001010000000011110100101000
1011001101110011110010100000000110101001010010110011011100111100101000000001101010010100
1101011010100111111110010011110011101100110111010110101001111111100100111100111011001101
1110101101000011111111101001111001110110011011101011010000111111111010011110011101100110
0111010110110001111111010100111100111011001101110101101100011111110101001111001110110011
1011101011011000111111001010011111011101100110111010110110001111110010100111110111011001
0101110101111100011111100101001111101110110001011101011111000111111001010011111011101100
1010111010111110001111110010100110110111011010101110101111100011111100101001101101110110
1101011101011111000111111001010010011011101111010111010111110001111110010100100110111011
0110101110111111100011111100101001001101110101101011101111111000111111001010010011011101
1011010111011111110001011110010101100110111010110101110111111100010111100101011001101110
0101101011111111111000001111001010110011011101011010111111111110000011110010101100110111
1010110101101111111100100111100101011001101110101101011011111111001001111001010110011011
1100000000111010110101001001100100100111100111000000001110101101010010011001001001111001
1110000000011101011010000100110011010011110011100000000111010110100001001100110100111100
0111000000001110101101100010011000101001111001110000000011101011011000100110001010011110
0011100000010111010110010001001100010100111100111000000101110101100100010011000101001111
0001110000001011101011001000100111001010011100011100000010111010110010001001110010100111
0000111000010101110101100100010011100101001100001110000101011101011001000100111001010011
0000011100011010111010110010001001110010100100000111000110101110101100100010011100101001
0000001110001101011101011001000101111001010000000011100011010111010110010001011110010100
0000000111010110101110001100100010111100101000000001110101101011100011001000101111001010
0000000011101011010111100110010000011110010100000000111010110101111001100100000111100101
1000000001110101101011010011001001001111001010000000011101011010110100110010010011110010
0100111100100100110010001010010100011111111010110000110110110011011101011010111000000001
1010011110000010011001000101001010001111111101011000011111011001101110101101011100000000
0101001111010001001100100010100101000111111110101100001011101100110111010110101110000000
0010100111101000100110010001010011100011111111010110000101110110011011101011000111000000
1001010011100100010011101000101001110001111101101011000110111011000101110101100011100000
1100101001110010001001010100010101111000111100110101100011011101101010111010100001110000
1110010100111001000100001010001011111100011100011010110001101110111101011101000000111000
1111001010001100100010100101000101111110001100001101011100110111010110101110100000011100
0111100101000110010001010010100011111111000110000110101110011011101011010111000000001110
0011110010110011001000101001010001111111100011000011010011001101110101101011100000000111
1001111001001001100100010100101000111111110001100001101101100110111010110101110000000011
1101100110101001111001110000000010010100101000100110010101100001100011111111011010110101
1110110011010100111100111000000000001010010100010011001010110000110001111111111101011010
0111011001101010011110011100000001000101001010001001100101011000011000111111101110101101
1011101100100101001111001110000000100010100101000100110110101100001100011111110111010110
1101110110010010100111000111000001010001010000100010011011010110001110001111101011101011
0110111011011001010011000011100000101000101010010001001001101011001111000111110101110101
0011011101111100101001000001110000010100010111001000100000110101101111100011111010111010
1001101110111110010100000000111001001010001001100100010000011010111111110001101101011101
1100110111001111001010000000011100100101000100110010001100001101011111111000110110101110
0110011011100111100101000000001111010010100010011001000110000110101111111100001011010111
1011001101110011110010100000000110101001010001001100100011000011010111111110010101101011
1101011010100111111110010011110011101100110100101001010110000000011011000011000100110010
1110101101000011111111101001111001110110011000010100101111000000000101100001100010011001
0111010110110001111111010100111100111011001110001010010011100000001010110000110001001100
1011101011011000111111001010011111011101100101000101001001110000001101011000001000100110
0101110101111100011111100101001111101110110010100010100000111000000110101100000100010011
1010111010111110001111110010100110110111011001010001010000011100000011010110010010001001
1101011101011111000111111001010010011011101100101000101000001110000001101011011001000100
0110101110111111100011111100101001001101110110010100010000000111000000110101101100100010
1011010111011111110001011110010101100110111001001010001000000011101000011010100110010001
0101101011111111111000001111001010110011011110100101000000000001111100001101010011001000
1010110101101111111100100111100101011001101101010010100100000000110110000110101001100100
1100000000111010110101001001100100100111100100111111110001010010101101100110110110000110
1110000000011101011010000100110011010011110000011111111000101001011110110011001011000011
0111000000001110101101100010011000101001111010001111111100010100100111011001110101100001
0011100000010111010110010001001100010100111111000111111010001010011011101100111010110000
0001110000001011101011001000100111001010011111100011111101000101001101110110001101011000
0000111000010101110101100100010011100101001111110001111010100010100110111011000110101100
0000011100011010111010110010001001110010100111111000111001010001010011011101100011010110
0000001110001101011101011001000101111001010011111100011100101000101001101110100001101011
0000000111010110101110001100100010111100101011111110001010010100011100110111010000110101
0000000011101011010111100110010000011110010111111111000101001010000110011011111000011010
1000000001110101101011010011001001001111001001111111100010100101001011001101101100001101
1011000011011011001101110101101011100000000110110000110110110011011101011010111000000001
0101100001111101100110111010110101110000000001011000011111011001101110101101011100000000
1010110000101110110011011101011010111000000010101100001011101100110111010110101110000000
1101011000010111011001101110101100011100000011010110000101110110011011101011000111000000
0110101100011011101100010111010110001110000001101011000110111011000101110101100011100000
0011010110001101110110101011101010000111000000110101100011011101101010111010100001110000
0001101011000110111011110101110100000011100000011010110001101110111101011101000000111000
0000110101110011011101011010111010000001110000001101011100110111010110101110100000011100
1000011010111001101110101101011100000000111010000110101110011011101011010111000000001110
1100001101001100110111010110101110000000011111000011010011001101110101101011100000000111
0110000110110110011011101011010111000000001101100001101101100110111010110101110000000011
0010011001010110000110001111111101101011010100100110010101100001100011111111011010110101
0001001100101011000011000111111111110101101000010011001010110000110001111111111101011010
1000100110010101100001100011111110111010110110001001100101011000011000111111101110101101
0100010011011010110000110001111111011101011001000100110110101100001100011111110111010110
0010001001101101011000111000111110101110101100100010011011010110001110001111101011101011
1001000100100110101100111100011111010111010110010001001001101011001111000111110101110101
1100100010000011010110111110001111101011101011001000100000110101101111100011111010111010
0110010001000001101011111111000110110101110101100100010000011010111111110001101101011101
0011001000110000110101111111100011011010111000110010001100001101011111111000110110101110
1001100100011000011010111111110000101101011110011001000110000110101111111100001011010111
0100110010001100001101011111111001010110101101001100100011000011010111111110010101101011
0010100101011000000001101100001100010011001000101001010110000000011011000011000100110010
0001010010111100000000010110000110001001100100010100101111000000000101100001100010011001
1000101001001110000000101011000011000100110010001010010011100000001010110000110001001100
0100010100100111000000110101100000100010011001000101001001110000001101011000001000100110
1010001010000011100000011010110000010001001110100010100000111000000110101100000100010011
0101000101000001110000001101011001001000100101010001010000011100000011010110010010001001
0010100010100000111000000110101101100100010000101000101000001110000001101011011001000100
1001010001000000011100000011010110110010001010010100010000000111000000110101101100100010
0100101000100000001110100001101010011001000101001010001000000011101000011010100110010001
1010010100000000000111110000110101001100100010100101000000000001111100001101010011001000
0101001010010000000011011000011010100110010001010010100100000000110110000110101001100100
0011111111000101001010110110011011011000011000111111110001010010101101100110110110000110
0001111111100010100101111011001100101100001100011111111000101001011110110011001011000011
1000111111110001010010011101100111010110000110001111111100010100100111011001110101100001
1100011111101000101001101110110011101011000011000111111010001010011011101100111010110000
1110001111110100010100110111011000110101100011100011111101000101001101110110001101011000
1111000111101010001010011011101100011010110011110001111010100010100110111011000110101100
1111100011100101000101001101110110001101011011111000111001010001010011011101100011010110
1111110001110010100010100110111010000110101111111100011100101000101001101110100001101011
1111111000101001010001110011011101000011010111111110001010010100011100110111010000110101
1111111100010100101000011001101111100001101011111111000101001010000110011011111000011010
0111111110001010010100101100110110110000110101111111100010100101001011001101101100001101
1011000011011011001101110101101011100000000101001111001001001100100010100101000111111110
0101100001111101100110111010110101110000000010100111100000100110010001010010100011111111
1010110000101110110011011101011010111000000001010011110100010011001000101001010001111111
1101011000010111011001101110101100011100000000101001111010001001100100010100111000111111
0110101100011011101100010111010110001110000010010100111001000100111010001010011100011111
0011010110001101110110101011101010000111000011001010011100100010010101000101011110001111
0001101011000110111011110101110100000011100011100101001110010001000010100010111111000111
0000110101110011011101011010111010000001110011110010100011001000101001010001011111100011
1000011010111001101110101101011100000000111001111001010001100100010100101000111111110001
1100001101001100110111010110101110000000011100111100101100110010001010010100011111111000
0110000110110110011011101011010111000000001110011110010010011001000101001010001111111100
0010011001010110000110001111111101101011010111011001101010011110011100000000100101001010
0001001100101011000011000111111111110101101011101100110101001111001110000000000010100101
1000100110010101100001100011111110111010110101110110011010100111100111000000010001010010
0100010011011010110000110001111111011101011010111011001001010011110011100000001000101001
0010001001101101011000111000111110101110101111011101100100101001110001110000010100010100
1001000100100110101100111100011111010111010101101110110110010100110000111000001010001010
1100100010000011010110111110001111101011101000110111011111001010010000011100000101000101
0110010001000001101011111111000110110101110110011011101111100101000000001110010010100010
0011001000110000110101111111100011011010111011001101110011110010100000000111001001010001
1001100100011000011010111111110000101101011101100110111001111001010000000011110100101000
0100110010001100001101011111111001010110101110110011011100111100101000000001101010010100
0010100101011000000001101100001100010011001011010110101001111111100100111100111011001101
0001010010111100000000010110000110001001100111101011010000111111111010011110011101100110
1000101001001110000000101011000011000100110001110101101100011111110101001111001110110011
0100010100100111000000110101100000100010011010111010110110001111110010100111110111011001
1010001010000011100000011010110000010001001101011101011111000111111001010011111011101100
0101000101000001110000001101011001001000100110101110101111100011111100101001101101110110
0010100010100000111000000110101101100100010011010111010111110001111110010100100110111011
1001010001000000011100000011010110110010001001101011101111111000111111001010010011011101
0100101000100000001110100001101010011001000110110101110111111100010111100101011001101110
1010010100000000000111110000110101001100100001011010111111111110000011110010101100110111
0101001010010000000011011000011010100110010010101101011011111111001001111001010110011011
0011111111000101001010110110011011011000011011000000001110101101010010011001001001111001
0001111111100010100101111011001100101100001111100000000111010110100001001100110100111100
1000111111110001010010011101100111010110000101110000000011101011011000100110001010011110
1100011111101000101001101110110011101011000000111000000101110101100100010011000101001111
1110001111110100010100110111011000110101100000011100000010111010110010001001110010100111
1111000111101010001010011011101100011010110000001110000101011101011001000100111001010011
1111100011100101000101001101110110001101011000000111000110101110101100100010011100101001
1111110001110010100010100110111010000110101100000011100011010111010110010001011110010100
1111111000101001010001110011011101000011010100000001110101101011100011001000101111001010
1111111100010100101000011001101111100001101000000000111010110101111001100100000111100101
0111111110001010010100101100110110110000110110000000011101011010110100110010010011110010
