0111001100001010001001100100010100001100111001000000111101011001001001101011110000001000010100110101000010111101000010101100101000011100001011011001111111100110110100001110
1011100110000101000100110010001010000110011000100000011110101100100100110101111000000100001010011010100001011110100001010110010100001110000101101100111111110011011010000111
1101110011000010100010011001000101000011001100010000001111010110010010011010111100000000000101001101010000101111010000101011001011000111000010110110011111111001101101000011
1110111001100001010001001100100010100001100010001000000111101011001001001101011110000010000010100110101000010111101000010101100101100011100001011011001111111100110110100001
0111011100110000101000100110010001010000110001000100000011110101100100100110101111000001000001010011010100001011110100001010110011110001110000101101100111111110011011010000
0011101110011000010100010011001000101000011000100010000001111010110010010011010111100010100000101001101010000101111010000101011000111000111000010110110011111111001101101000
1001110111001100001010001001100100010100001000010001000000111101011001001001101011110001010000010100110101000010111101000010101100011100011100001011011001111111100110110100
1100111011100110000101000100110010001010000000001000100000011110101100100100110101111000101000001010011010100001011110100001010110001110001110000101101100111111110011011010
0110011101110011000010100010011001000101000000000100010000001111010110010010011010111110010100000101001101010000101111010000101010000111000111000010110110011111111001101101
0011001110111001100001010001001100100010100100000010001000000111101011001001001101011111001010000010100110101000010111101000010101000011100011100001011011001111111100110110
0001100111011100110000101000100110010001010110000001000100000011110101100100100110101101100101000001010011010100001011110100001010100001110001110000101101100111111110011011
0000110011101110011000010100010011001000101111000000100010000001111010110010010011010110110010100000101001101010000101111010000101010000111000111000010110110011111111001101
1000011001110111001100001010001001100100010111100000010001000000111101011001001001101001011001010000010100110101000010111101000011101000011100011100001011011001111111100110
0100001100111011100110000101000100110010001011110000001000100000011110101100100100110110101100101000001010011010100001011110100000110100001110001110000101101100111111110011
1010000110011101110011000010100010011001000101111000000100010000001111010110010010011001010110010100000101001101010000101111010001011010000111000111000010110110011111111001
0101000011001110111001100001010001001100100010111100000010001000000111101011001001001100101011001010000010100110101000010111101001101101000011100011100001011011001111111100
0010100001100111011100110000101000100110010101011110000001000100000011110101100100100100010101100101000001010011010100001011110100110110100001110001110000101101100111111110
0001010000110011101110011000010100010011001110101111000000100010000001111010110010010000001010110010100000101001101010000101111010011011010000111000111000010110110011111111
1000101000011001110111001100001010001001100011010111100000010001000000111101011001001010000101011001010000010100110101000010111101001101101000011100011100001011011001111111
0100010100001100111011100110000101000100110001101011110000001000100000011110101100100101000010101100101000001010011010100001011111100110110100001110001110000101101100111111
0010001010000110011101110011000010100010011100110101111000000100010000001111010110010010100001010110010100000101001101010000101111110011011010000111000111000010110110011111
1001000101000011001110111001100001010001001010011010111100000010001000000111101011001011010000101011001010000010100110101000010111111001101101000011100011100001011011001111
1100100010100001100111011100110000101000100001001101011110000001000100000011110101100111101000010101100101000001010011010100001011111100110110100001110001110000101101100111
0110010001010000110011101110011000010100010100100110101111000000100010000001111010110011110100001010110010100000101001101010000101111110011011010000111000111000010110110011
0011001000101000011001110111001100001010001010010011010111100000010001000000111101011001111010000101011001010000010100110101000011111111001101101000011100011100001011011001
1001100100010100001100111011100110000101000001001001101011110000001000100000011110101110111101000010101100101000001010011010100001111111100110110100001110001110000101101100
0100110010001010000110011101110011000010100100100100110101111000000100010000001111010101011110100001010110010100000101001101010000111111110011011010000111000111000010110110
0010011001000101000011001110111001100001010110010010011010111100000010001000000111101000101111010000101011001010000010100110101000011111111001101101000011100011100001011011
0001001100100010100001100111011100110000101011001001001101011110000001000100000011110100010111101000010101100101000001010011010101001111111100110110100001110001110000101101
1000100110010001010000110011101110011000010101100100100110101111000000100010000001111000001011110100001010110010100000101001101011100111111110011011010000111000111000010110
0100010011001000101000011001110111001100001010110010010011010111100000010001000000111110000101111010000101011001010000010100110100110011111111001101101000011100011100001011
1010001001100100010100001100111011100110000101011001001001101011110000001000100000011101000010111101000010101100101000001010011011011001111111100110110100001110001110000101
0101000100110010001010000110011101110011000110101100100100110101111000000100010000001110100001011110100001010110010100000101001101101100111111110011011010000111000111000010
0010100010011001000101000011001110111001100111010110010010011010111100000010001000000101010000101111010000101011001010000010100110110110011111111001101101000011100011100001
0001010001001100100010100001100111011100110111101011001001001101011110000001000100000010101000010111101000010101100101000001010011011011001111111100110110100001110001110000
0000101000100110010001010000110011101110011011110101100100100110101111000000100010000011010100001011110100001010110010100000101000101101100111111110011011010000111000111000
1000010100010011001000101000011001110111001001111010110010010011010111100000010001000001101010000101111010000101011001010000010100010110110011111111001101101000011100011100
1100001010001001100100010100001100111011100000111101011001001001101011110000001000100000110101000010111101000010101100101000001010001011011001111111100110110100001110001110
0110000101000100110010001010000110011101110000011110101100100100110101111000000100010010011010100001011110100001010110010100000100000101101100111111110011011010000111000111
0011000010100010011001000101000011001110111000001111010110010010011010111100000010001001001101010000101111010000101011001010000011000010110110011111111001101101000011100011
1001100001010001001100100010100001100111011000000111101011001001001101011110000001000110100110101000010111101000010101100101000001100001011011001111111100110110100001110001
1100110000101000100110010001010000110011101100000011110101100100100110101111000000100001010011010100001011110100001010110010100001110000101101100111111110011011010000111000
1110011000010100010011001000101000011001110010000001111010110010010011010111100000010000101001101010000101111010000101011001010000111000010110110011111111001101101000011100
1101111110000101001101101100101000011111101011100110000101000100110010001010000110011111000111101001001100000000110010010111100010001010011010100001011110100001010110010100
1110111111000010100110110110010100001111110101110011000010100010011001000101000011001111100011110100100110000000011001001011110000000101001101010000101111010000101011001010
0111011111100001010011011011001010000111111110111001100001010001001100100010100001100101110001111010010011000000001100100101111000000010100110101000010111101000010101100101
1011101111110000101001101101100101000011111111011100110000101000100110010001010000110000111000111101001001100000000110010010111101000001010011010100001011110100001010110010
1101110111111000010100110110110010100001111011101110011000010100010011001000101000011000011100011110100100110000000011001001011110100000101001101010000101111010000101011001
1110111011111100001010011011011001010000111001110111001100001010001001100100010100001110001110001111010010011000000001100100101111010000010100110101000010111101000010101100
1111011101111110000101001101101100101000011100111011100110000101000100110010001010000111000111000111101001001100000000110010010110101000001010011010100001011110100001010110
1111101110111111000010100110110110010100001110011101110011000010100010011001000101000011100011100011110100100110000000011001001010010100000101001101010000101111010000101011
1111110111011111100001010011011011001010000011001110111001100001010001001100100010100011110001110001111010010011000000001100100101001010000010100110101000010111101000010101
0111111011101111110000101001101101100101000001100111011100110000101000100110010001010001111000111000111101001001100000000110010011100101000001010011010100001011110100001010
0011111101110111111000010100110110110010100000110011101110011000010100010011001000101010111100011100011110100100110000000011001000110010100000101001101010000101111010000101
0001111110111011111100001010011011011001010000011001110111001100001010001001100100010101011110001110001111010010011000000001100101011001010000010100110101000010111101000010
0000111111011101111110000101001101101100101100001100111011100110000101000100110010001000101111000111000111101001001100000000110010101100101000001010011010100001011110100001
1000011111101110111111000010100110110110010010000110011101110011000010100010011001000110010111100011100011110100100110000000011001010110010100000101001101010000101111010000
0100001111110111011111100001010011011011001101000011001110111001100001010001001100100001001011110001110001111010010011000000001100101011001010000010100110101000010111101000
1010000111111011101111110000101001101101100010100001100111011100110000101000100110010000100101111000111000111101001001100000000110010101100101000001010011010100001011110100
0101000011111101110111111000010100110110110001010000110011101110011000010100010011001010010010111100011100011110100100110000000010001010110010100000101001101010000101111010
0010100001111110111011111100001010011011011000101000011001110111001100001010001001100111001001011110001110001111010010011000000000000101011001010000010100110101000010111101
1001010000111111011101111110000101001101101100010100001100111011100110000101000100110001100100101111000111000111101001001100000001000010101100101000001010011010100001011110
1100101000011111101110111111000010100110110010001010000110011101110011000010100010011000110010010111100011100011110100100110000000100001010110010100000101001101010000101111
0110010100001111110111011111100001010011011001000101000011001110111001100001010001001100011001001011110001110001111010010011000001010000101011001010000010100110101000010111
1011001010000111111011101111110000101001101100100010100001100111011100110000101000100100001100100101111000111000111101001001100001101000010101100101000001010011010100001011
1101100101000011111101110111111000010100110110010001010000110011101110011000010100010000000110010010111100011100011110100100110001110100001010110010100000101001101010000101
0110110010100001111110111011111100001010011011001000101000011001110111001100001010001000000011001001011110001110001111010010011001111010000101011001010000010100110101000010
1011011001010000111111011101111110000101001001100100010100001100111011100110000101000100000001100100101111000111000111101001001100111101000010101100101000001010011010100001
1101101100101000011111101110111111000010100100110010001010000110011101110011000010100000000000110010010111100011100011110100100111011110100001010110010100000101001101010000
0110110110010100001111110111011111100001010010011001000101000011001110111001100001010010000000011001001011110001110001111010010010101111010000101011001010000010100110101000
0011011011001010000111111011101111110000101001001100100010100001100111011100110000101011000000001100100101111000111000111101001000010111101000010101100101000001010011010100
1001101101100101000011111101110111111000010000100110010001010000110011101110011000010101100000000110010010111100011100011110100100001011110100001010110010100000101001101010
0100110110110010100001111110111011111100001100010011001000101000011001110111001100001000110000000011001001011110001110001111010010000101111010000101011001010000010100110101
1010011011011001010000111111011101111110000010001001100100010100001100111011100110000110011000000001100100101111000111000111101001000010111101000010101100101000001010011010
0101001101101100101000011111101110111111000101000100110010001010000110011101110011000001001100000000110010010111100011100011110100100001011110100001010110010100000101001101
0010100110110110010100001111110111011111100010100010011001000101000011001110111001100000100110000000011001001011110001110001111011010000101111010000101011001010000010100110
0001010011011011001010000111111011101111110001010001001100100010100001100111011100110010010011000000001100100101111000111000111100101000010111101000010101100101000001010011
0000101001101101100101000011111101110111111000101000100110010001010000110011101110011001001001100000000110010010111100011100011111010100001011110100001010110010100000101001
1000010100110110110010100001111110111011111000010100010011001000101000011001110111001110100100110000000011001001011110001110001111101010000101111010000101011001010000010100
1100001010011011011001010000111111011101111100001010001001100100010100001100111011100111010010011000000001100100101111000111000110110101000010111101000010101100101000001010
1110000101001101101100101000011111101110111110000101000100110010001010000110011101110011101001001100000000110010010111100011100010011010100001011110100001010110010100000101
1111000010100110110110010100001111110111011011000010100010011001000101000011001110111011110100100110000000011001001011110001110001001101010000101111010000101011001010000010
1111100001010011011011001010000111111011101001100001010001001100100010100001100111011101111010010011000000001100100101111000111000100110101000010111101000010101100101000001
1111110000101001101101100101000011111101110100110000101000100110010001010000110011101100111101001001100000000110010010111100011101010011010100001011110100001010110010100000
0111111000010100110110110010100001111110111110011000010100010011001000101000011001110100011110100100110000000011001001011110001110101001101010000101111010000101011001010000
1011111100001010011011011001010000111111011111001100001010001001100100010100001100111010001111010010011000000001100100101111000110010100110101000010111101000010101100101000
1110101100101011110100001011110101001101011001110000101101100111111110011011010000111001110011000010100010011001000101000011001111101111110000101001101101100101000011111101
1111010110010101111010000101111010100110101000111000010110110011111111001101101000011110111001100001010001001100100010100001100111110111111000010100110110110010100001111110
1111101011001010111101000010111101010011010100011100001011011001111111100110110100001111011100110000101000100110010001010000110010111011111100001010011011011001010000111111
0111110101100101011110100001011110101001101110001110000101101100111111110011011010000111101110011000010100010011001000101000011001011101111110000101001101101100101000011111
1011111010110010101111010000101111010100110111000111000010110110011111111001101101000001110111001100001010001001100100010100001101101110111111000010100110110110010100001111
0101111101011001010111101000010111101010011011100011100001011011001111111100110110100000111011100110000101000100110010001010000111110111011111100001010011011011001010000111
1010111110101100101011110100001011110101001001110001110000101101100111111110011011010010011101110011000010100010011001000101000011111011101111110000101001101101100101000011
1101011111010110010101111010000101111010100000111000111000010110110011111111001101101011001110111001100001010001001100100010100001111101110111111000010100110110110010100001
0110101111101011001010111101000010111101010000011100011100001011011001111111100110110101100111011100110000101000100110010001010001111110111011111100001010011011011001010000
0011010111110101100101011110100001011110101100001110001110000101101100111111110011011000110011101110011000010100010011001000101000111111011101111110000101001101101100101000
1001101011111010110010101111010000101111010010000111000111000010110110011111111001101100011001110111001100001010001001100100010100011111101110111111000010100110110110010100
0100110101111101011001010111101000010111101101000011100011100001011011001111111100110100001100111011100110000101000100110010001010001111110111011111100001010011011011001010
1010011010111110101100101011110100001011110110100001110001110000101101100111111110011010000110011101110011000010100010011001000100000111111011101111110000101001101101100101
0101001101011111010110010101111010000101111011010000111000111000010110110011111111001101000011001110111001100001010001001100100011000011111101110111111000010100110110110010
1010100110101111101011001010111101000010111101101000011100011100001011011001111111100110100001100111011100110000101000100110010000100001111110111011111100001010011011011001
1101010011010111110101100101011110100001011110110100001110001110000101101100111111110001010000110011101110011000010100010011001001010000111111011101111110000101001101101100
1110101001101011111010110010101111010000101011011010000111000111000010110110011111111000101000011001110111001100001010001001100100101000011111101110111111000010100110110110
1111010100110101111101011001010111101000010001101101000011100011100001011011001111111100010100001100111011100110000101000100110010010100001111110111011111100001010011011011
0111101010011010111110101100101011110100001100110110100001110001110000101101100111111110001010000110011101110011000010100010011001001010000111111011101111110000101001101101
1011110101001101011111010110010101111010000110011011010000111000111000010110110011111101000101000011001110111001100001010001001101100101000011111101110111111000010100110110
0101111010100110101111101011001010111101000111001101101000011100011100001011011001111100100010100001100111011100110000101000100110110010100001111110111011111100001010011011
0010111101010011010111110101100101011110100111100110110100001110001110000101101100111110010001010000110011101110011000010100010011011001010000111111011101111110000101001101
0001011110101001101011111010110010101111010111110011011010000111000111000010110110011111001000101000011001110111001100001010001001101100101000011111101110111111000010100110
0000101111010100110101111101011001010111101111111001101101000011100011100001011011001101100100010100001100111011100110000101000100110110010100001111110111011111100001010011
1000010111101010011010111110101100101011110111111100110110100001110001110000101101100100110010001010000110011101110011000010100011011011001010000111111011101111110000101001
0100001011110101001101011111010110010101111111111110011011010000111000111000010110110010011001000101000011001110111001100001010001101101100101000011111101110111111000010100
1010000101111010100110101111101011001010111011111111001101101000011100011100001011011001001100100010100001100111011100110000101000110110110010100001111110111011111100001010
1101000010111101010011010111110101100101011001111111100110110100001110001110000101101100100110010001010000110011101110011000010100011011011001010000111111011101111110000101
1110100001011110101001101011111010110010101100111111110011011010000111000111000010110100010011001000101000011001110111001100001011001101101100101000011111101110111111000010
1111010000101111010100110101111101011001010110011111111001101101000011100011100001011010001001100100010100001100111011100110000100100110110110010100001111110111011111100001
0111101000010111101010011010111110101100101011001111111100110110100001110001110000101101000100110010001010000110011101110011000011010011011011001010000111111011101111110000
1011110100001011110101001101011111010110010101100111111110011011010000111000111000010110100010011001000101000011001110111001100000101001101101100101000011111101110111111000
0101111010000101111010100110101111101011001110110011111111001101101000011100011100001001010001001100100010100001100111011100110000010100110110110010100001111110111011111100
1010111101000010111101010011010111110101100011011001111111100110110100001110001110000100101000100110010001010000110011101110011000001010011011011001010000111111011101111110
0101011110100001011110101001101011111010110101101100111111110011011010000111000111000000010100010011001000101000011001110111001100000101001101101100101000011111101110111111
0010101111010000101111010100110101111101011010110110011111111001101101000011100011100000001010001001100100010100001100111011100111000010100110110110010100001111110111011111
1001010111101000010111101010011010111110101001011011001111111100110110100001110001110010000101000100110010001010000110011101110011100001010011011011001010000111111011101111
1100101011110100001011110101001101011111010000101101100111111110011011010000111000111011000010100010011001000101000011001110111001110000101001101101100101000011111101110111
0110010101111010000101111010100110101111101000010110110011111111001101101000011100011101100001010001001100100010100001100111011101111000010100110110110010100001111110111011
1011001010111101000010111101010011010111110100001011011001111111100110110100001110001100110000101000100110010001010000110011101111111100001010011011011001010000111111011101
0101100101011110100001011110101001101011111110000101101100111111110011011010000111000110011000010100010011001000101000011001110111111110000101001101101100101000011111101110
1010110010101111010000101111010100110101111111000010110110011111111001101101000011100011001100001010001001100100010100001100111010111111000010100110110110010100001111110111
1101011001010111101000010111101010011010111011100001011011001111111100110110100001110011100110000101000100110010001010000110011101011111100001010011011011001010000111111011
1100011110100100110000000011001001011110001111010110010101111010000101111010100110101100100000011110101100100100110101111000000100111001100001010001001100100010100001100111
1110001111010010011000000001100100101111000111101011001010111101000010111101010011010100010000001111010110010010011010111100000011011100110000101000100110010001010000110011
0111000111101001001100000000110010010111100111110101100101011110100001011110101001101010001000000111101011001001001101011110000001101110011000010100010011001000101000011001
0011100011110100100110000000011001001011110011111010110010101111010000101111010100110101000100000011110101100100100110101111000001110111001100001010001001100100010100001100
0001110001111010010011000000001100100101111101111101011001010111101000010111101010011000100010000001111010110010010011010111100000111011100110000101000100110010001010000110
1000111000111101001001100000000110010010111010111110101100101011110100001011110101001100010001000000111101011001001001101011110000011101110011000010100010011001000101000011
1100011100011110100100110000000011001001011101011111010110010101111010000101111010100100001000100000011110101100100100110101111001001110111001100001010001001100100010100001
1110001110001111010010011000000001100100101110101111101011001010111101000010111101010000000100010000001111010110010010011010111101100111011100110000101000100110010001010000
1111000111000111101001001100000000110010010011010111110101100101011110100001011110101000000010001000000111101011001001001101011110110011101110011000010100010011001000101000
0111100011100011110100100110000000011001001001101011111010110010101111010000101111010110000001000100000011110101100100100110101110011001110111001100001010001001100100010100
1011110001110001111010010011000000001100100100110101111101011001010111101000010111101011000000100010000001111010110010010011010110001100111011100110000101000100110010001010
0101111000111000111101001001100000000110010010011010111110101100101011110100001011110111100000010001000000111101011001001001101010000110011101110011000010100010011001000101
0010111100011100011110100100110000000011001101001101011111010110010101111010000101111011110000001000100000011110101100100100110101000011001110111001100001010001001100100010
1001011110001110001111010010011000000001100010100110101111101011001010111101000010111101111000000100010000001111010110010010011010100001100111011100110000101000100110010001
0100101111000111000111101001001100000000110101010011010111110101100101011110100001011110111100000010001000000111101011001001001101010000110011101110011000010100010011001000
0010010111100011100011110100100110000000011110101001101011111010110010101111010000101101011110000001000100000011110101100100100110101000011001110111001100001010001001100100
1001001011110001110001111010010011000000001111010100110101111101011001010111101000010110101111000000100010000001111010110010010010010100001100111011100110000101000100110010
1100100101111000111000111101001001100000000111101010011010111110101100101011110100001011010111100000010001000000111101011001001000001010000110011101110011000010100010011001
0110010010111100011100011110100100110000000011110101001101011111010110010101111010000101101011110000001000100000011110101100100101000101000011001110111001100001010001001100
0011001001011110001110001111010010011000000101111010100110101111101011001010111101000000110101111000000100010000001111010110010010100010100001100111011100110000101000100110
0001100100101111000111000111101001001100000010111101010011010111110101100101011110100010011010111100000010001000000111101011001000010001010000110011101110011000010100010011
0000110010010111100011100011110100100110000001011110101001101011111010110010101111010001001101011110000001000100000011110101100101001000101000011001110111001100001010001001
0000011001001011110001110001111010010011000000101111010100110101111101011001010111101000100110101111000000100010000001111010110011100100010100001100111011100110000101000100
0000001100100101111000111000111101001001100000010111101010011010111110101100101011110110010011010111100000010001000000111101011000110010001010000110011101110011000010100010
0000000110010010111100011100011110100100110100001011110101001101011111010110010101111001001001101011110000001000100000011110101100011001000101000011001110111001100001010001
0000000011001001011110001110001111010010011010000101111010100110101111101011001010111100100100110101111000000100010000001111010111001100100010100001100111011100110000101000
1000000001100100101111000111000111101001001101000010111101010011010111110101100101011110010010011010111100000010001000000111101010100110010001010000110011101110011000010100
1100000000110010010111100011100011110100100110100001011110101001101011111010110010101111001001001101011110000001000100000011110100010011001000101000011001110111001100001010
0110000000011001001011110001110001111010010111010000101111010100110101111101011001010101100100100110101111000000100010000001111010001001100100010100001100111011100110000101
0011000000001100100101111000111000111101001111101000010111101010011010111110101100101010110010010011010111100000010001000000111101000100110010001010000110011101110011000010
1001100000000110010010111100011100011110100011110100001011110101001101011111010110010101011001001001101011110000001000100000011110100010011001000101000011001110111001100001
0100110000000011001001011110001110001111010101111010000101111010100110101111101011001010101100100100110101111000000100010000001111010001001100100010100001100111011100110000
0010011000000001100100101111000111000111101010111101000010111101010011010111110101100111010110010010011010111100000010001000000110101000100110010001010000110011101110011000
1001001100000000110010010111100011100011110101011110100001011110101001101011111010110011101011001001001101011110000001000100000010010100010011001000101000011001110111001100
0100100110000000011001001011110001110001111010101111010000101111010100110101111101011011110101100100100110101111000000100010000000001010001001100100010100001100111011100110
1010010011000000001100100101111000111000111001010111101000010111101010011010111110101101111010110010010011010111100000010001000000000101000100110010001010000110011101110011
1101001001100000000110010010111100011100011100101011110100001011110101001101011111010100111101011001001001101011110000001000100001000010100010011001000101000011001110111001
1110100100110000000011001001011110001110001110010101111010000101111010100110101111101000011110101100100100110101111000000100010001100001010001001100100010100001100111011100
1111010010011000000001100100101111000111000011001010111101000010111101010011010111110100001111010110010010011010111100000010001000110000101000100110010001010000110011101110
0111101001001100000000110010010111100011100101100101011110100001011110101001101011111000000111101011001001001101011110000001000100011000010100010011001000101000011001110111
0011110100100110000000011001001011110001110010110010101111010000101111010100110101111100000011110101100100100110101111000000100011001100001010001001100100010100001100111011
0001111010010011000000001100100101111000111101011001010111101000010111101010011010111110000001111010110010010011010111100000010001100110000101000100110010001010000110011101
1000111101001001100000000110010010111100011110101100101011110100001011110101001101011101000000111101011001001001101011110000001001110011000010100010011001000101000011001110
1000110011110101110110011011101011110011000110111111000010100110110110010100001111110111101011001010111101000010111101010011010111100011110100100110000000011001001011110001
0100011001111010111011001101110101111001100111011111100001010011011011001010000111111011110101100101011110100001011110101001101011110001111010010011000000001100100101111000
0010001100111101011101100110111010111100110011101111110000101001101101100101000011111111111010110010101111010000101111010100110100111000111101001001100000000110010010111100
0001000110011110101110110011011101011110011101110111111000010100110110110010100001111101111101011001010111101000010111101010011010011100011110100100110000000011001001011110
1000100011001111010111011001101110101111001110111011111100001010011011011001010000111110111110101100101011110100001011110101001100001110001111010010011000000001100100101111
1100010001100111101011101100110111010111100111011101111110000101001101101100101000011101011111010110010101111010000101111010100111000111000111101001001100000000110010010111
0110001000110011110101110110011011101011110111101110111111000010100110110110010100001110101111101011001010111101000010111101010011100011100011110100100110000000011001001011
0011000100011001111010111011001101110101111111110111011111100001010011011011001010000111010111110101100101011110100001011110101001110001110001111010010011000000001100100101
1001100010001100111101011101100110111010111111111011101111110000101001101101100101000001101011111010110010101111010000101111010101111000111000111101001001100000000110010010
1100110001000110011110101110110011011101011011111101110111111000010100110110110010100000110101111101011001010111101000010111101010111100011100011110100100110000000011001001
1110011000100011001111010111011001101110101001111110111011111100001010011011011001010010011010111110101100101011110100001011110101011110001110001111010010011000000001100100
1111001100010001100111101011101100110111010000111111011101111110000101001101101100101001001101011111010110010101111010000101111010101111000111000111101001001100000000110010
0111100110001000110011110101110110011011101000011111101110111111000010100110110110010110100110101111101011001010111101000010111100010111100011100011110100100110000000011001
1011110011000100011001111010111011001101110100001111110111011111100001010011011011001001010011010111110101100101011110100001011111001011110001110001111010010011000000001100
0101111001100010001100111101011101100110111010000111111011101111110000101001101101100110101001101011111010110010101111010000101110100101111000111000111101001001100000000110
1010111100110001000110011110101110110011011101000011111101110111111000010100110110110011010100110101111101011001010111101000010110010010111100011100011110100100110000000011
1101011110011000100011001111010111011001101010100001111110111011111100001010011011011011101010011010111110101100101011110100001011001001011110001110001111010010011000000001
1110101111001100010001100111101011101100110001010000111111011101111110000101001101101111110101001101011111010110010101111010000101100100101111000111000111101001001100000000
0111010111100110001000110011110101110110011100101000011111101110111111000010100110110101111010100110101111101011001010111101000010110010010111100011100011110100100110000000
1011101011110011000100011001111010111011001110010100001111110111011111100001010011011010111101010011010111110101100101011110100000011001001011110001110001111010010011000000
1101110101111001100010001100111101011101100011001010000111111011101111110000101001101101011110101001101011111010110010101111010000001100100101111000111000111101001001100000
0110111010111100110001000110011110101110110101100101000011111101110111111000010100110100101111010100110101111101011001010111101000000110010010111100011100011110100100110000
0011011101011110011000100011001111010111011110110010100001111110111011111100001010011000010111101010011010111110101100101011110100000011001001011110001110001111010010011000
1001101110101111001100010001100111101011101011011001010000111111011101111110000101001100001011110101001101011111010110010101111010000001100100101111000111000111101001001100
1100110111010111100110001000110011110101110101101100101000011111101110111111000010100110000101111010100110101111101011001010111100000000110010010111100011100011110100100110
0110011011101011110011000100011001111010111110110110010100001111110111011111100001010001000010111101010011010111110101100101011110000000011001001011110001110001111010010011
1011001101110101111001100010001100111101011011011011001010000111111011101111110000101010100001011110101001101011111010110010101111000000001100100101111000111000111101001001
1101100110111010111100110001000110011110101001101101100101000011111101110111111000010111010000101111010100110101111101011001010111100000000110010010111100011100011110100100
1110110011011101011110011000100011001111010100110110110010100001111110111011111100001011101000010111101010011010111110101100101010110000000011001001011110001110001111010010
0111011001101110101111001100010001100111101010011011011001010000111111011101111110000111110100001011110101001101011111010110010100011000000001100100101111000111000111101001
1011101100110111010111100110001000110011110101001101101100101000011111101110111111000001111010000101111010100110101111101011001011001100000000110010010111100011100011110100
0101110110011011101011110011000100011001111010100110110110010100001111110111011111100010111101000010111101010011010111110101100100100110000000011001001011110001110001111010
1010111011001101110101111001100010001100111001010011011011001010000111111011101111110001011110100001011110101001101011111010110010010011000000001100100101111000111000111101
1101011101100110111010111100110001000110011000101001101101100101000011111101110111111010101111010000101111010100110101111101011001001001100000000110010010111100011100011110
1110101110110011011101011110011000100011001000010100110110110010100001111110111011111101010111101000010111101010011010111110101100100100110000000011001001011110001110001111
1111010111011001101110101111001100010001100100001010011011011001010000111111011101111100101011110100001011110101001101011111010111010010011000000001100100101111000111000111
0111101011101100110111010111100110001000110110000101001101101100101000011111101110111110010101111010000101111010100110101111101011101001001100000000110010010111100011100011
0011110101110110011011101011110011000100011111000010100110110110010100001111110111011111001010111101000010111101010011010111110101110100100110000000011001001011110001110001
1001111010111011001101110101111001100010001111100001010011011011001010000111111011101101100101011110100001011110101001101011111011111010010011000000001100100101111000111000
1100111101011101100110111010111100110001000111110000101001101101100101000011111101110110110010101111010000101111010100110101111100111101001001100000000110010010111100011100
0110011110101110110011011101011110011000100111111000010100110110110010100001111110111001011001010111101000010111101010011010111110011110100100110000000011001001011110001110
0011001111010111011001101110101111001100010011111100001010011011011001010000111111011110101100101011110100001011110101001101011110001111010010011000000001100100101111000111
0001100111101011101100110111010111100110001101111110000101001101101100101000011111101111010110010101111010000101111010100110101111000111101001001100000000110010010111100011
0010000001111010110010010011010111100000010100011001111010111011001101110101111001100000111000010110110011111111001101101000011101110101100101011110100001011110101001101011
0001000000111101011001001001101011110000001010001100111101011101100110111010111100110000011100001011011001111111100110110100001111111010110010101111010000101111010100110101
1000100000011110101100100100110101111000000001000110011110101110110011011101011110011010001110000101101100111111110011011010000111111101011001010111101000010111101010011010
0100010000001111010110010010011010111100000000100011001111010111011001101110101111001111000111000010110110011111111001101101000010111110101100101011110100001011110101001101
0010001000000111101011001001001101011110000100010001100111101011101100110111010111100111100011100001011011001111111100110110100001011111010110010101111010000101111010100110
0001000100000011110101100100100110101111000110001000110011110101110110011011101011110001110001110000101101100111111110011011010000101111101011001010111101000010111101010011
0000100010000001111010110010010011010111100011000100011001111010111011001101110101111000111000111000010110110011111111001101101001010111110101100101011110100001011110101001
0000010001000000111101011001001001101011110001100010001100111101011101100110111010111100011100011100001011011001111111100110110101101011111010110010101111010000101111010100
0000001000100000011110101100100100110101111100110001000110011110101110110011011101011100001110001110000101101100111111110011011010110101111101011001010111101000010111101010
1000000100010000001111010110010010011010111110011000100011001111010111011001101110101110000111000111000010110110011111111001101100011010111110101100101011110100001011110101
1100000010001000000111101011001001001101011111001100010001100111101011101100110111010101000011100011100001011011001111111100110111001101011111010110010101111010000101111010
1110000001000100000011110101100100100110101111100110001000110011110101110110011011101010100001110001110000101101100111111110011010100110101111101011001010111101000010111101
1111000000100010000001111010110010010011010011110011000100011001111010111011001101110111010000111000111000010110110011111111001101010011010111110101100101011110100001011110
0111100000010001000000111101011001001001101101111001100010001100111101011101100110111001101000011100011100001011011001111111100110101001101011111010110010101111010000101111
1011110000001000100000011110101100100100110010111100110001000110011110101110110011011110110100001110001110000101101100111111110011010100110101111101011001010111101000010111
0101111000000100010000001111010110010010011101011110011000100011001111010111011001101111011010000111000111000010110110011111111001101010011010111110101100101011110100001011
1010111100000010001000000111101011001001001110101111001100010001100111101011101100110101101101000011100011100001011011001111111101110101001101011111010110010101111010000101
1101011110000001000100000011110101100100100111010111100110001000110011110101110110011000110110100001110001110000101101100111111111111010100110101111101011001010111101000010
0110101111000000100010000001111010110010010011101011110011000100011001111010111011001110011011010000111000111000010110110011111110111101010011010111110101100101011110100001
0011010111100000010001000000111101011001001101110101111001100010001100111101011101100111001101101000011100011100001011011001111111011110101001101011111010110010101111010000
1001101011110000001000100000011110101100100110111010111100110001000110011110101110110011100110110100001110001110000101101100111110101111010100110101111101011001010111101000
0100110101111000000100010000001111010110010011011101011110011000100011001111010111011011110011011010000111000111000010110110011110010111101010011010111110101100101011110100
0010011010111100000010001000000111101011001001101110101111001100010001100111101011101111111001101101000011100011100001011011001110001011110101001101011111010110010101111010
1001001101011110000001000100000011110101100100110111010111100110001000110011110101110111111100110110100001110001110000101101100110000101111010100110101111101011001010111101
0100100110101111000000100010000001111010110110011011101011110011000100011001111010111011111110011011010000111000111000010110110011000010111101010011010111110101100101011110
0010010011010111100000010001000000111101011011001101110101111001100010001100111101011111111111001101101000011100011100001011011000100001011110101001101011111010110010101111
1001001001101011110000001000100000011110101101100110111010111100110001000110011110101101111111100110110100001110001110000101101101010000101111010100110101111101011001010111
1100100100110101111000000100010000001111010110110011011101011110011000100011001111010100111111110011011010000111000111000010110111101000010111101010011010111110101100101011
0110010010011010111100000010001000000111101111011001101110101111001100010001100111101010011111111001101101000011100011100001011011110100001011110101001101011111010110010101
1011001001001101011110000001000100000011110011101100110111010111100110001000110011110111001111111100110110100001110001110000101101111010000101111010100110101111101011001010
0101100100100110101111000000100010000001111101110110011011101011110011000100011001111001100111111110011011010000111000111000010110111101000010111101010011010111110101100101
1010110010010011010111100000010001000000111010111011001101110101111001100010001100111110110011111111001101101000011100011100001011011110100001011110101001101011111010110010
1101011001001001101011110000001000100000011101011101100110111010111100110001000110011111011001111111100110110100001110001110000100101111010000101111010100110101111101011001
1110101100100100110101111000000100010000001110101110110011011101011110011000100011001101101100111111110011011010000111000111000011010111101000010111101010011010111110101100
1111010110010010011010111100000010001000000111010111011001101110101111001100010001100110110110011111111001101101000011100011100000101011110100001011110101001101011111010110
0111101011001001001101011110000001000100000111101011101100110111010111100110001000110001011011001111111100110110100001110001110000010101111010000101111010100110101111101011
0011110101100100100110101111000000100010000011110101110110011011101011110011000100011000101101100111111110011011010000111000111001001010111101000010111101010011010111110101
0001111010110010010011010111100000010001000001111010111011001101110101111001100010001100010110110011111111001101101000011100011101100101011110100001011110101001101011111010
0000111101011001001001101011110000001000100100111101011101100110111010111100110001000100001011011001111111100110110100001110001110110010101111010000101111010100110101111101
0000011110101100100100110101111000000100010110011110101110110011011101011110011000100010000101101100111111110011011010000111000111011001010111101000010111101010011010111110
0000001111010110010010011010111100000010001011001111010111011001101110101111001100010011000010110110011111111001101101000011100010101100101011110100001011110101001101011111
1000000111101011001001001101011110000001000001100111101011101100110111010111100110001011100001011011001111111100110110100001110001010110010101111010000101111010100110101111
0100000011110101100100100110101111000000100000110011110101110110011011101011110011000101110000101101100111111110011011010000111001101011001010111101000010111101010011010111
0001010011010100001011110100001010110010100110001111010010011000000001100100101111000110001100111101011101100110111010111100110000010000001111010110010010011010111100000010
0000101001101010000101111010000101011001010111000111101001001100000000110010010111100001000110011110101110110011011101011110011000001000000111101011001001001101011110000001
0000010100110101000010111101000010101100101011100011110100100110000000011001001011110000100011001111010111011001101110101111001101000100000011110101100100100110101111000000
1000001010011010100001011110100001010110010001110001111010010011000000001100100101111000010001100111101011101100110111010111100110100010000001111010110010010011010111100000
0100000101001101010000101111010000101011001000111000111101001001100000000110010010111110001000110011110101110110011011101011110010010001000000111101011001001001101011110000
1010000010100110101000010111101000010101100100011100011110100100110000000011001001011111000100011001111010111011001101110101111000001000100000011110101100100100110101111000
0101000001010011010100001011110100001010110110001110001111010010011000000001100100101101100010001100111101011101100110111010111100000100010000001111010110010010011010111100
0010100000101001101010000101111010000101011111000111000111101001001100000000110010010100110001000110011110101110110011011101011110000010001000000111101011001001001101011110
1001010000010100110101000010111101000010101111100011100011110100100110000000011001001010011000100011001111010111011001101110101110000001000100000011110101100100100110101111
1100101000001010011010100001011110100001010011110001110001111010010011000000001100100111001100010001100111101011101100110111010111000000100010000001111010110010010011010111
0110010100000101001101010000101111010000101101111000111000111101001001100000000110010011100110001000110011110101110110011011101011100000010001000000111101011001001001101011
1011001010000010100110101000010111101000010010111100011100011110100100110000000011001011110011000100011001111010111011001101110101110000001000100000011110101100100100110101
0101100101000001010011010100001011110100001001011110001110001111010010011000000001100101111001100010001100111101011101100110111011111000000100010000001111010110010010011010
1010110010100000101001101010000101111010000100101111000111000111101001001100000000110010111100110001000110011110101110110011011100111100000010001000000111101011001001001101
0101011001010000010100110101000010111101000010010111100011100011110100100110000000011001011110011000100011001111010111011001101111011110000001000100000011110101100100100110
0010101100101000001010011010100001011110100001001011110001110001111010010011000000001110101111001100010001100111101011101100110110101111000000100010000001111010110010010011
0001010110010100000101001101010000101111010100100101111000111000111101001001100000000111010111100110001000110011110101110110011011010111100000010001000000111101011001001001
0000101011001010000010100110101000010111101110010010111100011100011110100100110000000011101011110011000100011001111010111011001101101011110000001000100000011110101100100100
1000010101100101000001010011010100001011110011001001011110001110001111010010011000000001110101111001100010001100111101011101100110110101111000000100010000001111010110010010
0100001010110010100000101001101010000101111001100100101111000111000111101001001100000010111010111100110001000110011110101110110010011010111100000010001000000111101011001001
1010000101011001010000010100110101000010111000110010010111100011100011110100100110000011011101011110011000100011001111010111011001001101011110000001000100000011110101100100
1101000010101100101000001010011010100001011000011001001011110001110001111010010011000001101110101111001100010001100111101011101100100110101111000000100010000001111010110010
1110100001010110010100000101001101010000101000001100100101111000111000111101001001100000110111010111100110001000110011110101110110010011010111100000010001000000111101011001
1111010000101011001010000010100110101000010000000110010010111100011100011110100100110010011011101011110011000100011001111010111011001001101011110000001000100000011110101100
0111101000010101100101000001010011010100001000000011001001011110001110001111010010011011001101110101111001100010001100111101011100100100110101111000000100010000001111010110
1011110100001010110010100000101001101010000000000001100100101111000111000111101001001101100110111010111100110001000110011110101110010010011010111100000010001000000111101011
0101111010000101011001010000010100110101000100000000110010010111100011100011110100100110110011011101011110011000100011001111010111001001001101011110000001000100000011110101
0010111101000010101100101000001010011010100110000000011001001011110001110001111010010011011001101110101111001100010001100111101011100100100110101111000000100010000001111010
0001011110100001010110010100000101001101010011000000001100100101111000111000111101001011101100110111010111100110001000110011110100110010010011010111100000010001000000111101
0000101111010000101011001010000010100110101001100000000110010010111100011100011110100101110110011011101011110011000100011001111011011001001001101011110000001000100000011110
1000010111101000010101100101000001010011010100110000000011001001011110001110001111010010111011001101110101111001100010001100111100101100100100110101111000000100010000001111
0100001011110100001010110010100000101001101010011000000001100100101111000111000111101001011101100110111010111100110001000110011111010110010010011010111100000010001000000111
1010000101111010000101011001010000010100110001001100000000110010010111100011100011110110101110110011011101011110011000100011001111101011001001001101011110000001000100000011
0101000010111101000010101100101000001010011100100110000000011001001011110001110001111011010111011001101110101111001100010001100111110101100100100110101111000000100010000001
1010100001011110100001010110010100000101001010010011000000001100100101111000111000111111101011101100110111010111100110001000110011111010110010010011010111100000010001000000
1101010000101111010000101011001010000010100101001001100000000110010010111100011100011111110101110110011011101011110011000100011000111101011001001001101011110000001000100000
0110101000010111101000010101100101000001010110100100110000000011001001011110001110001101111010111011001101110101111001100010001100011110101100100100110101111000000100010000
0011010100001011110100001010110010100000101111010010011000000001100100101111000111000100111101011101100110111010111100110001000110001111010110010010011010111100000010001000
1001101010000101111010000101011001010000010111101001001100000000110010010111100011100010011110101110110011011101011110011000100010000111101011001001001101011110000001000100
0100110101000010111101000010101100101000001011110100100110000000011001001011110001110011001111010111011001101110101111001100010000000011110101100100100110101111000000100010
1010011010100001011110100001010110010100000001111010010011000000001100100101111000111001100111101011101100110111010111100110001000000001111010110010010011010111100000010001
0101001101010000101111010000101011001010000000111101001001100000000110010010111100011100110011110101110110011011101011110011000101000000111101011001001001101011110000001000
0010100110101000010111101000010101100101000100011110100100110000000011001001011110001100011001111010111011001101110101111001100010100000011110101100100100110101111000000100
0011100001011011001111111100110110100001110000101001101010000101111010000101011001010011011111100001010011011011001010000111111011000110011110101110110011011101011110011000
0001110000101101100111111110011011010000111000010100110101000010111101000010101100101011101111110000101001101101100101000011111100100011001111010111011001101110101111001100
1000111000010110110011111111001101101000011000001010011010100001011110100001010110010101110111111000010100110110110010100001111110010001100111101011101100110111010111100110
1100011100001011011001111111100110110100001100000101001101010000101111010000101011001010111011111100001010011011011001010000111110001000110011110101110110011011101011110011
1110001110000101101100111111110011011010000010000010100110101000010111101000010101100111011101111110000101001101101100101000011111000100011001111010111011001101110101111001
0111000111000010110110011111111001101101000101000001010011010100001011110100001010110011101110111111000010100110110110010100001111100010001100111101011101100110111010111100
0011100011100001011011001111111100110110100010100000101001101010000101111010000101011011110111011111100001010011011011001010000110110001000110011110101110110011011101011110
0001110001110000101101100111111110011011010001010000010100110101000010111101000010101111111011101111110000101001101101100101000010011000100011001111010111011001101110101111
0000111000111000010110110011111111001101101100101000001010011010100001011110100001010111111101110111111000010100110110110010100001001100010001100111101011101100110111010111
1000011100011100001011011001111111100110110110010100000101001101010000101111010000101001111110111011111100001010011011011001010001100110001000110011110101110110011011101011
0100001110001110000101101100111111110011011011001010000010100110101000010111101000010100111111011101111110000101001101101100101001110011000100011001111010111011001101110101
1010000111000111000010110110011111111001101101100101000001010011010100001011110100001000011111101110111111000010100110110110010101111001100010001100111101011101100110111010
1101000011100011100001011011001111111100110010110010100000101001101010000101111010000100001111110111011111100001010011011011001010111100110001000110011110101110110011011101
0110100001110001110000101101100111111110011101011001010000010100110101000010111101000010000111111011101111110000101001101101100101011110011000100011001111010111011001101110
1011010000111000111000010110110011111111001010101100101000001010011010100001011110100001000011111101110111111000010100110110110010101111001100010001100111101011101100110111
1101101000011100011100001011011001111111100001010110010100000101001101010000101111010010100001111110111011111100001010011011011001010111100110001000110011110101110110011011
0110110100001110001110000101101100111111110000101011001010000010100110101000010111101001010000111111011101111110000101001101101101101011110011000100011001111010111011001101
0011011010000111000111000010110110011111111000010101100101000001010011010100001011110100101000011111101110111111000010100110110111110101111001100010001100111101011101100110
1001101101000011100011100001011011001111111100001010110010100000101001101010000101111010010100001111110111011111100001010011011010111010111100110001000110011110101110110011
1100110110100001110001110000101101100111111010000101011001010000010100110101000010111111001010000111111011101111110000101001101101011101011110011000100011001111010111011001
1110011011010000111000111000010110110011111101000010101100101000001010011010100001011101100101000011111101110111111000010100110111101110101111001100010001100111101011101100
1111001101101000011100011100001011011001111110100001010110010100000101001101010000101110110010100001111110111011111100001010011010110111010111100110001000110011110101110110
1111100110110100001110001110000101101100111111010000101011001010000010100110101000010111011001010000111111011101111110000101001100011011101011110011000100011001111010111011
1111110011011010000111000111000010110110011111101000010101100101000001010011010100001001101100101000011111101110111111000010100111001101110101111001100010001100111101011101
1111111001101101000011100011100001011011001011110100001010110010100000101001101010000110110110010100001111110111011111100001010011100110111010111100110001000110011110101110
1111111100110110100001110001110000101101100101111010000101011001010000010100110101000011011011001010000111111011101111110000101000110011011101011110011000100011001111010111
0111111110011011010000111000111000010110110010111101000010101100101000001010011010100001101101100101000011111101110111111000010101011001101110101111001100010001100111101011
0011111111001101101000011100011100001011011001011110100001010110010100000101001101010000110110110010100001111110111011111100001011101100110111010111100110001000110011110101
1001111111100110110100001110001110000101101000101111010000101011001010000010100110101010011011011001010000111111011101111110000101110110011011101011110011000100011001111010
1100111111110011011010000111000111000010110000010111101000010101100101000001010011010101001101101100101000011111101110111111000010111011001101110101111001100010001100111101
0110011111111001101101000011100011100001011100001011110100001010110010100000101001101010100110110110010100001111110111011111100001011101100110111010111100110001000110011110
1011001111111100110110100001110001110000101010000101111010000101011001010000010100110101010011011011001010000111111011101111110000101110110011011101011110011000100011001111
1101100111111110011011010000111000111000010101000010111101000010101100101000001010011000101001101101100101000011111101110111111001010111011001101110101111001100010001100111
0110110011111111001101101000011100011100001010100001011110100001010110010100000101001100010100110110110010100001111110111011111101101011101100110111010111100110001000110011
1011011001111111100110110100001110001110000101010000101111010000101011001010000010100100001010011011011001010000111111011101111111110101110110011011101011110011000100011001
0101101100111111110011011010000111000111000110101000010111101000010101100101000001010010000101001101101100101000011111101110111111111010111011001101110101111001100010001100
0010110110011111111001101101000011100011100011010100001011110100001010110010100000101011000010100110110110010100001111110111011110111101011101100110111010111100110001000110
0001011011001111111100110110100001110001110001101010000101111010000101011001010000010111100001010011011011001010000111111011101110011110101110110011011101011110011000100011
0000101101100111111110011011010000111000111100110101000010111101000010101100101000001011110000101001101101100101000011111101110111001111010111011001101110101111001100010001
1000010110110011111111001101101000011100011010011010100001011110100001010110010100000111111000010100110110110010100001111110111011100111101011101100110111010111100110001000
1100001011011001111111100110110100001110001101001101010000101111010000101011001010000011111100001010011011011001010000111111011100110011110101110110011011101011110011000100
1110000101101100111111110011011010000111000010100110101000010111101000010101100101000001111110000101001101101100101000011111101110011001111010111011001101110101111001100010
0111000010110110011111111001101101000011100001010011010100001011110100001010110010100010111111000010100110110110010100001111110110001100111101011101100110111010111100110001
